$NAF,256
$R61,0,0,0
$R62,0,0,0
$R66
$R69,0,0,0,0,0,0
$R6D,0,0,0,0,0,0
$R6E,0,0,0,0,0,0,0
$R70,0,0,0
$R73,0,0
$R74,0,0,0,0,0
$R75,0,0,0
$R76,0,0,0
$R77,0,0,0,0,0
$R7A,0
$R7C,0
$R7D,0,0,0,0
$R7E,0,0
$R7F,0,0
$R83,0,0
$R85,0
$R86,0
$R87,0
$R88,0
$N61,0,0,0
$N62,5,0,0
$N66,0,0,0,0,0,0,0,3,0,1,1,1,0,2,0,0,0,0,0,0,0,0,0,0,0,0,0,5
$N69,1,0,0,60,300,0
$N6D,1,1,0,0,30,0
$N6E,9,0,4,60,0,0,1
$N70,0,0,0
$N74,0,5,10,5000,600
$N75,1,1475,0
$N77,0,0,0,0,0
$N7D,64543,-1,-1,-1
$N7F,0,0
$N83,128,4
$N85,2
$N88,1
$R89,0,0
$R8A,0
$R8B,0
$R8C,0
$R8D,0
$R8E,0
$R8F,0
$R90,0,0,0
$R91,0
$R92,0
$R93,0
$R94,0,0
$R95,0
$R96,,,,,,,
$R97,0
$R98,0,0,0
$R98,0,0,1
$R99,0,0,0,0
$R9A,0,0,0,0
$R9B,,,,,,,0
$R9B,,,,,,,1
$R9C,0
$R9D,0,0
$R9E,0,0,0
$R9F,0
$RA3,0,0,0,0,0,0,0,0
$RA6,0,0
$RA9,0,0,0
$RA9,1,0,0
$RAA,0,0
$RAB,0
$RAC,0
$RAD,0,0
$RAE,0
$RAF,0
$RB0,0,0,0
$RB2,0
$RB3,0,0
$RB3,1,0
$RB3,2,0
$RB3,3,0
$RB4,0,0
$RB5,0
$RB6,0
$RB8,0
$RBB,0
$RBC,0
$RBD,0
$RBF,0
$RC0,0
$RC1,0
$RC2,0
$RC3,0
$RC4,0
$RC5,0
$N89,2,0
$N8A,1
$N8B,0
$N8C,0
$N8D,0
$N8E,83777400
$N8F,8302680
$N90,0,0,1
$N91,0
$N92,0
$N93,0
$N94,0,5
$N95,0
$N96,0359360-01.05,0359358-01.01,0359359-01.01,0359361-01.05,,,
$N98,0,0,0
$N98,0,0,1
$N99,0,0,0,0
$N9A,0,0,0,0
$N9C,0
$N9D,0,0
$N9E,0,0,0
$N9F,0
$NA3,0,0,0,2,1,1,0,0
$NA6,0,0
$NAA,0,0
$NAC,0
$NAF,256
$NB8,0
$NBC,0
$NBD,13
$NBF,1600
$NC0,14
$NC1,5
$NC2,1
$NC3,1
$NC4,0
$NC5,9
$RC6,0
$RC7,0,0
$RCA,
$RCB,0,0,0,0,0
$RCF,0,0,0,0,0,0,0,0
$RD0,0,0,0
$RD1,0,0
$RD2,0
$RD4,0
$RD5,0,0,
$RD7,0
$RD8,0
$RE1,0
$RE2,0,0,0,0,0,0,0
$RE4,0,0
$RE5,0,
$RE8,0
$RE9,0
$REA,0,0,0,0,0,0
$REC,0
$RED,0,0
$REE,0,0
$REF,0,0,0
$RF0,0
$RF4,0
$RF8,0,0,0
$RF9,0,0,0
$RFA,0
$RFB,0,0,0
$RFC,0,0,0,0
$RFD,0,0,0,0,0,0,0
$RFF,0,0
$R78,0,0,0
$R80,0,0,0
$R81,0,0
$R82,0,0,0,0,0
$R84,0,0,0
$R67,0,0,,0
$R67,0,1,,0
$R67,0,2,,0
$R67,0,3,,0
$R67,0,4,,0
$R67,0,5,,0
$R67,0,6,,0
$R67,0,7,,0
$R67,0,8,,0
$R67,0,9,,0
$R67,0,10,,0
$R67,0,11,,0
$R67,0,12,,0
$R67,0,13,,0
$R67,0,14,,0
$R67,0,15,,0
$R67,0,16,,0
$R67,0,17,,0
$NC6,150
$NC7,0,0
$ND0,0,12,0
$ND1,0,0
$ND7,2
$NE1,1
$NE4,0,1
$NE5,0,0.0.0.0
$NE8,0
$NE9,0
$NEA,0,0,2,0,0,0
$NEC,0
$NED,0,0
$NEE,2,0
$NEF,0,0,0
$NF0,1
$NFB,24,13,5
$NFC,1600,5,1,1
$NFD,4,1,9,150,1,0,0
$N78,0,0,0
$N80,1,32,0
$N81,60,0
$N82,43,0,0,0,0
$N84,1,5,0
$N67,0,0,0,0
$N67,0,1,0,0
$N67,0,2,0,0
$N67,0,3,0,0
$N67,0,4,0,0
$N67,0,5,0,0
$N67,0,6,3,0
$N67,0,7,0,0
$N67,0,8,1,0
$N67,0,9,1,0
$N67,0,10,1,0
$N67,0,11,0,0
$N67,0,12,2,0
$N67,0,13,0,0
$R67,0,18,,0
$R67,0,19,,0
$N67,0,14,0,0
$R67,0,20,,0
$R67,0,21,,0
$R67,0,22,,0
$R67,0,23,,0
$R67,0,24,,0
$R67,0,25,,0
$R67,0,26,,0
$R63,0,0,0,0,0
$R64,0,0,0,0,0,0
$N67,0,15,0,0
$N67,0,16,0,0
$N67,0,17,0,0
$N67,0,18,0,0
$N67,0,19,0,0
$N67,0,20,0,0
$N67,0,21,0,0
$N67,0,22,0,0
$N67,0,23,0,0
$N67,0,24,0,0
$N67,0,25,0,0
$N67,0,26,5,0
$N63,1,50,0,80,0
$N64,1,50,50,0,0,0
$R65,0,0,0,0,0,0
$RE0,0,0,0,0,0,0,0,0
$R68,0,0,5,0,0
$R66
$R63,0,0,0,0,-2
$R64,0,0,0,0,0,-2
$R65,0,0,0,0,-2,0
$RE0,0,-2,0,0,0,0,0,0
$R61,0,0,1
$R62,0,0,1
$R66,99
$R69,0,1,0,0,0,0
$R75,0,0,1
$R76,0,1,0
$R7F,0,1
$N65,0,0,0,0,0,0
$NE0,0,0,0,50,0,0,0,1
$N68,2,0,5,0,0
$N66,0,0,0,0,0,0,0,3,0,1,1,1,0,2,0,0,0,0,0,0,0,0,0,0,0,0,0,5
$N63,1,50,0,80,-2
$N64,1,50,50,0,0,-2
$N65,0,0,0,0,-2,0
$NE0,0,-2,0,50,0,0,0,1
$N62,6,0,1
$N66,100,0,0,0,0,0,0,3,0,1,1,1,0,2,0,0,0,0,0,0,0,0,0,0,0,0,0,5
$N69,1,1,0,60,300,0
$N75,1,1475,1
$N7F,0,1
$RE4,1,0
$REA,1,0,0,0,0,0
$RED,0,1
$REE,0,1
$NE4,1,1
$NEA,1,0,2,0,0,0
$NED,0,1
$NEE,1,1
$REF,0,0,1
$RF8,0,0,1
$NEF,0,0,1
$NF5,4,496,0,0,0
$NE3
$NAF,256
$R67,0,0,,1
$R67,0,1,,1
$R67,0,2,,1
$R67,0,3,,1
$R67,0,4,,1
$R67,0,5,,1
$R67,0,6,,1
$R67,0,7,,1
$R67,0,8,,1
$R67,0,9,,1
$R67,0,10,,1
$R67,0,11,,1
$R67,0,12,,1
$R67,0,13,,1
$R67,0,14,,1
$R67,0,15,,1
$R67,0,16,,1
$R67,0,17,,1
$R67,0,18,,1
$R67,0,19,,1
$R67,0,20,,1
$R67,0,21,,1
$R67,0,22,,1
$R67,0,23,,1
$R67,0,24,,1
$R67,0,25,,1
$R67,0,26,,1
$R63,0,0,1,0,0
$R64,0,0,0,1,0,0
$N67,0,0,0,1
$N67,0,1,0,1
$N67,0,2,0,1
$N67,0,3,0,1
$N67,0,4,0,1
$N67,0,5,0,1
$N67,0,6,3,1
$N67,0,7,0,1
$N67,0,8,1,1
$N67,0,9,1,1
$N67,0,10,1,1
$N67,0,11,0,1
$N67,0,12,2,1
$N67,0,13,0,1
$N67,0,14,0,1
$N67,0,15,0,1
$N67,0,16,0,1
$N67,0,17,0,1
$N67,0,18,0,1
$N67,0,19,0,1
$N67,0,20,0,1
$N67,0,21,0,1
$N67,0,22,0,1
$N67,0,23,0,1
$N67,0,24,0,1
$N67,0,25,0,1
$N67,0,26,5,1
$N63,1,50,1,80,0
$N64,1,50,50,1,0,0
$R65,0,0,0,1,0,0
$RE0,1,0,0,0,0,0,0,0
$R68,0,1,6,0,0
$R66,99
$R63,0,0,1,0,-2
$R64,0,0,0,1,0,-2
$R65,0,0,0,1,-2,0
$RE0,1,-2,0,0,0,0,0,0
$N65,0,0,0,1,0,0
$NE0,1,0,0,50,0,0,0,1
$N68,2,1,6,0,0
$N66,100,0,0,0,0,0,0,3,0,1,1,1,0,2,0,0,0,0,0,0,0,0,0,0,0,0,0,5
$N63,1,50,1,80,-2
$N64,1,50,50,1,0,-2
$N65,0,0,0,1,-2,0
$NE0,1,-2,0,50,0,0,0,1
$NF5,4,497,0,0,0
$NAF,256
$NAF,256
$NAF,256
$NF5,4,496,0,0,0
$NAF,256
$NE3
$NAF,256
$NF5,4,497,0,0,0
$NAF,256
$NAF,256
$NAF,256
$NAF,256
$NE3
$NAF,256
$NAF,256
$NAF,256
$NAF,256
$NAF,256
$NF5,4,496,0,0,0
$NE3
$NAF,256
$NF5,4,497,0,0,0
$NAF,256
$NAF,256
$NAF,256
$NAF,256
$NE3
$NAF,256
$NAF,256
$NAF,256
$NAF,256
$NAF,256
$NE3
$NAF,256
$NAF,256
$NAF,256
$NAF,256
$NAF,256
$NE3
$NAF,256
$NAF,256
$N00,TILEEAV,0
$NAF,256
$NF5,4,496,0,0,0
$NAF,256
$NF5,4,497,0,0,0
$NAF,256
$NE3
$NAF,256
$NAF,256
$NAF,256
$NAF,256
$S69,2,0,0,60,300,0
$N69,2,0,0,60,300,0
$N83,128,2
$NAF,256
$NF5,3,1197,0,0,0
$NF5,4,495,0,0,0
$NE3
$NAF,256
$NF5,3,1187,0,0,0
$NAF,256
$NF5,3,1197,0,0,0
$NAF,256
$NAF,256
$NAF,256
$NE3
$NAF,256
$NAF,256
$NF5,4,494,0,0,0
$NAF,256
$NAF,256
$NF5,4,495,0,0,0
$NAF,256
$NE3
$S62,4,0,0
$N62,4,0,0
$NAF,256
$N83,128,1
$NF5,4,494,0,0,0
$S62,3,0,0
$N62,3,0,0
$NAF,256
$N83,128,1
$NF5,4,493,0,0,0
$S62,2,0,0
$N62,2,0,0
$NF5,3,1198,0,0,0
$NF5,4,495,0,0,0
$NAF,256
$S62,1,0,0
$N62,1,0,0
$S62,0,0,0
$N62,0,0,0
$N83,128,0
$NAF,256
$NF5,3,1195,0,0,0
$NF5,4,494,0,0,0
$NAF,256
$NF5,3,1197,0,0,0
$NF5,4,495,0,0,0
$NE3
$NAF,256
$NAF,256
$NF5,3,1198,0,0,0
$NF5,4,494,0,0,0
$NAF,256
$NF5,4,495,0,0,0
$S62,21,0,0
$N62,21,0,0
$N83,128,0
$NF5,3,1197,0,0,0
$NAF,256
$NF5,3,1198,0,0,0
$NF5,4,494,0,0,0
$NE3
$NAF,256
$NF5,4,495,0,0,0
$NAF,256
$NF5,3,1197,0,0,0
$NF5,4,494,0,0,0
$NAF,256
$NF5,3,1198,0,0,0
$NAF,256
$R8E,0
$R8F,0
$R00,Fan1Status,
$R00,Fan2Status,
$R00,Fan3Status,
$N8E,83777400
$N8F,8302680
$N00,Fan1Status,0
$N00,Fan2Status,0
$N00,Fan3Status,0
$NAF,256
$N8E,83777760
$NF5,4,495,0,0,0
$NE3
$NAF,256
$NF5,4,494,0,0,0
$NAF,256
$S62,0,0,0
$N62,0,0,0
$NAF,256
$NF5,3,1197,0,0,0
$NF5,4,495,0,0,0
$N83,128,0
$NAF,256
$NF5,3,1198,0,0,0
$NF5,4,494,0,0,0
$NAF,256
$NAF,256
$NF5,4,495,0,0,0
$NE3
$NAF,256
$NF5,3,1197,0,0,0
$NF5,4,494,0,0,0
$NAF,256
$N8F,8303040
$NF5,3,1198,0,0,0
$NF5,4,495,0,0,0
$S62,1,0,0
$NAF,256
$N62,1,0,0
$N83,128,0
$NAF,256
$NE3
$NAF,256
$NF5,4,494,0,0,0
$NAF,256
$NAF,256
$S62,2,0,0
$N62,2,0,0
$N83,128,0
$NF5,3,1197,0,0,0
$NF5,4,495,0,0,0
$NAF,256
$NF5,3,1195,0,0,0
$NAF,256
$NF5,3,1197,0,0,0
$NE3
$NAF,256
$S62,3,0,0
$N62,3,0,0
$NF5,3,1198,0,0,0
$NF5,4,494,0,0,0
$NAF,256
$N83,128,1
$NF5,3,1197,0,0,0
$NF5,4,495,0,0,0
$NAF,256
$NAF,256
$NF5,3,1198,0,0,0
$NAF,256
$NF5,3,1195,0,0,0
$NE3
$NAF,256
$S62,4,0,0
$N62,4,0,0
$NF5,3,1198,0,0,0
$N83,128,1
$NAF,256
$NF5,3,1197,0,0,0
$NAF,256
$NAF,256
$NF5,3,1198,0,0,0
$NAF,256
$NF5,4,494,0,0,0
$NE3
$S62,5,0,0
$N62,5,0,0
$NAF,256
$N83,128,2
$NF5,3,1197,0,0,0
$NF5,4,495,0,0,0
$NAF,256
$NF5,3,1198,0,0,0
$NAF,256
$NF5,3,1197,0,0,0
$NF5,4,494,0,0,0
$NAF,256
$S62,6,0,0
$N62,6,0,0
$NAF,256
$N83,128,2
$NF5,4,495,0,0,0
$NE3
$NAF,256
$NAF,256
$NAF,256
$NF5,3,1198,0,0,0
$NF5,4,494,0,0,0
$S62,7,0,0
$N62,7,0,0
$NAF,256
$N83,128,3
$NF5,4,495,0,0,0
$NAF,256
$NF5,3,1197,0,0,0
$NE3
$NAF,256
$NAF,256
$NAF,256
$S62,8,0,0
$N62,8,0,0
$N83,128,3
$NAF,256
$NAF,256
$NE3
$NAF,256
$NAF,256
$NAF,256
$NF5,3,1198,0,0,0
$S62,9,0,0
$N62,9,0,0
$NAF,256
$N83,128,4
$NF5,3,1197,0,0,0
$NAF,256
$NE3
$NAF,256
$NAF,256
$NAF,256
$NAF,256
$S62,10,0,0
$N62,10,0,0
$N83,128,4
$NAF,256
$NF5,3,1198,0,0,0
$NE3
$NAF,256
$NF5,3,1197,0,0,0
$NAF,256
$NF5,3,1198,0,0,0
$NAF,256
$NAF,256
$NF5,3,1197,0,0,0
$NAF,256
$NE3
$S62,11,0,0
$N62,11,0,0
$N83,128,4
$NAF,256
$NF5,3,1198,0,0,0
$NAF,256
$NAF,256
$NF5,3,1197,0,0,0
$NAF,256
$NAF,256
$NE3
$S62,12,0,0
$NAF,256
$N62,12,0,0
$N83,128,5
$NAF,256
$NAF,256
$R8E,0
$R8F,0
$R00,Fan1Status,
$R00,Fan2Status,
$R00,Fan3Status,
$N8E,83777760
$N8F,8303040
$N00,Fan1Status,0
$N00,Fan2Status,0
$N00,Fan3Status,0
$NF5,3,1198,0,0,0
$NF5,4,494,0,0,0
$NAF,256
$NF5,3,1197,0,0,0
$NF5,4,495,0,0,0
$NAF,256
$NF5,4,494,0,0,0
$NE3
$NAF,256
$NF5,3,1198,0,0,0
$S62,13,0,0
$N62,13,0,0
$N83,128,5
$NAF,256
$NF5,3,1197,0,0,0
$NF5,4,495,0,0,0
$NAF,256
$NAF,256
$NAF,256
$NF5,3,1195,0,0,0
$NE3
$NAF,256
$NF5,3,1197,0,0,0
$NAF,256
$NAF,256
$S62,14,0,0
$N62,14,0,0
$N83,128,5
$NAF,256
$NAF,256
$NE3
$NAF,256
$NAF,256
$NAF,256
$S62,19,0,0
$N62,19,0,0
$N83,128,5
$NAF,256
$NAF,256
$NE3
$NAF,256
$NAF,256
$NAF,256
$S62,15,0,0
$N62,15,0,0
$N83,128,5
$NAF,256
$NAF,256
$NE3
$NAF,256
$NAF,256
$NAF,256
$NAF,256
$NAF,256
$NE3
$NAF,256
$NF5,3,1198,0,0,0
$NAF,256
$NF5,3,1197,0,0,0
$NAF,256
$NAF,256
$NE3
$NAF,256
$NF5,3,1198,0,0,0
$NF5,4,494,0,0,0
$NAF,256
$NF5,3,1197,0,0,0
$NF5,4,495,0,0,0
$NAF,256
$NAF,256
$NAF,256
$NE3
$NAF,256
$S63,0,50,0,80,0
$N63,0,50,0,80,0
$NE0,0,0,0,50,0,0,0,1
$N63,0,50,1,80,0
$NE0,0,0,0,50,0,0,0,1
$NAF,256
$NF5,3,1195,0,0,0
$NAF,256
$S63,0,67,0,80,0
$N63,0,67,0,80,0
$NE0,0,0,0,67,0,0,0,1
$N63,0,67,1,80,0
$NE0,0,0,0,67,0,0,0,1
$NF5,3,1197,0,0,0
$S63,0,83,0,80,0
$N63,0,83,0,80,0
$NE0,0,0,0,83,0,0,0,1
$N63,0,83,1,80,0
$NE0,0,0,0,83,0,0,0,1
$NAF,256
$NF5,3,1198,0,0,0
$NAF,256
$NF5,4,494,0,0,0
$NE3
$S63,0,26,0,80,0
$N63,0,26,0,80,0
$NE0,0,0,0,26,0,0,0,1
$N63,0,26,1,80,0
$NE0,0,0,0,26,0,0,0,1
$NAF,256
$NF5,3,1197,0,0,0
$NF5,4,495,0,0,0
$S63,0,19,0,80,0
$N63,0,19,0,80,0
$NE0,0,0,0,19,0,0,0,1
$N63,0,19,1,80,0
$NE0,0,0,0,19,0,0,0,1
$NAF,256
$NAF,256
$S63,1,19,0,80,0
$N63,1,19,0,80,0
$N63,1,19,1,80,0
$NAF,256
$NAF,256
$NF5,3,1198,0,0,0
$NE3
$S64,0,50,50,0,0,0
$N64,0,50,50,0,0,0
$N64,0,50,50,1,0,0
$NAF,256
$NF5,3,1197,0,0,0
$S64,0,82,50,0,0,0
$N64,0,82,50,0,0,0
$N64,0,82,50,1,0,0
$S64,0,93,50,0,0,0
$N64,0,93,50,0,0,0
$N64,0,93,50,1,0,0
$NAF,256
$S64,0,23,50,0,0,0
$N64,0,23,50,0,0,0
$N64,0,23,50,1,0,0
$NAF,256
$S64,0,12,50,0,0,0
$N64,0,12,50,0,0,0
$N64,0,12,50,1,0,0
$NAF,256
$S64,0,7,50,0,0,0
$N64,0,7,50,0,0,0
$N64,0,7,50,1,0,0
$NE3
$NAF,256
$S64,1,7,50,0,0,0
$N64,1,7,50,0,0,0
$N64,1,7,50,1,0,0
$NAF,256
$S65,1,0,0,0,0,0
$N65,1,0,0,0,0,0
$N65,1,0,0,1,0,0
$NF5,3,1198,0,0,0
$NAF,256
$NAF,256
$NF5,3,1197,0,0,0
$NAF,256
$S65,0,0,0,0,0,0
$N65,0,0,0,0,0,0
$N65,0,0,0,1,0,0
$NE3
$NAF,256
$S65,0,24,0,0,0,0
$N65,0,24,0,0,0,0
$N65,0,24,0,1,0,0
$NAF,256
$S65,0,55,0,0,0,0
$N65,0,55,0,0,0,0
$N65,0,55,0,1,0,0
$NF5,3,1198,0,0,0
$NAF,256
$S65,0,72,0,0,0,0
$N65,0,72,0,0,0,0
$N65,0,72,0,1,0,0
$NF5,3,1197,0,0,0
$NAF,256
$S65,0,89,0,0,0,0
$N65,0,89,0,0,0,0
$N65,0,89,0,1,0,0
$S65,0,95,0,0,0,0
$N65,0,95,0,0,0,0
$N65,0,95,0,1,0,0
$S65,0,100,0,0,0,0
$N65,0,100,0,0,0,0
$N65,0,100,0,1,0,0
$NAF,256
$NE3
$NAF,256
$NF5,3,1198,0,0,0
$NAF,256
$S65,0,8,0,0,0,0
$N65,0,8,0,0,0,0
$N65,0,8,0,1,0,0
$S65,0,0,0,0,0,0
$N65,0,0,0,0,0,0
$N65,0,0,0,1,0,0
$NF5,3,1195,0,0,0
$R8E,0
$R8F,0
$R00,Fan1Status,
$R00,Fan2Status,
$R00,Fan3Status,
$N8E,83777760
$N8F,8303040
$N00,Fan1Status,0
$N00,Fan2Status,0
$N00,Fan3Status,0
$NAF,256
$NF5,3,1197,0,0,0
$NAF,256
$NAF,256
$NE3
$NAF,256
$NF5,3,1198,0,0,0
$NAF,256
$NF5,3,1197,0,0,0
$NAF,256
$NAF,256
$NAF,256
$NE3
$NAF,256
$NAF,256
$NF5,3,1198,0,0,0
$NAF,256
$NF5,3,1197,0,0,0
$NAF,256
$NAF,256
$NF5,4,494,0,0,0
$NE3
$NAF,256
$NAF,256
$NF5,4,495,0,0,0
$NAF,256
$NAF,256
$NAF,256
